
unsorted array: 38 24 22 25 54 27 95 99 29 37 28 11 57 23 20 

insert 38 
--
38 
---

insert 24 
--
24 
38 
------

insert 22 
--
22 
38 24 
------

insert 25 
--
22 
25 24 
38 
------------

insert 54 
--
22 
25 24 
38 54 
------------

insert 27 
--
22 
25 24 
38 54 27 
------------

insert 95 
--
22 
25 24 
38 54 27 95 
------------

insert 99 
--
22 
25 24 
38 54 27 95 
99 
------------------------

insert 29 
--
22 
25 24 
29 54 27 95 
99 38 
------------------------

insert 37 
--
22 
25 24 
29 37 27 95 
99 38 54 
------------------------

insert 28 
--
22 
25 24 
29 28 27 95 
99 38 54 37 
------------------------

insert 11 
--
11 
25 22 
29 28 24 95 
99 38 54 37 27 
------------------------

insert 57 
--
11 
25 22 
29 28 24 95 
99 38 54 37 27 57 
------------------------

insert 23 
--
11 
25 22 
29 28 24 23 
99 38 54 37 27 57 95 
------------------------

insert 20 
--
11 
25 20 
29 28 24 22 
99 38 54 37 27 57 95 23 
------------------------

pop 11 
--
20 
25 23 
29 28 24 22 
99 38 54 37 27 57 95 
------------------------

pop 20 
--
23 
25 95 
29 28 24 22 
99 38 54 37 27 57 
------------------------

pop 23 
--
25 
28 95 
29 57 24 22 
99 38 54 37 27 
------------------------

pop 25 
--
27 
28 95 
29 57 24 22 
99 38 54 37 
------------------------

pop 27 
--
28 
29 95 
37 57 24 22 
99 38 54 
------------------------

pop 28 
--
29 
37 95 
38 57 24 22 
99 54 
------------------------

pop 29 
--
37 
38 95 
54 57 24 22 
99 
------------------------

pop 37 
--
38 
54 95 
99 57 24 22 
------------

pop 38 
--
22 
54 95 
99 57 24 
------------

pop 22 
--
24 
54 95 
99 57 
------------

pop 24 
--
54 
57 95 
99 
------------

pop 54 
--
57 
99 95 
------

pop 57 
--
95 
99 
------

pop 95 
--
99 
---

pop 99 
--
---

sorted array: 11 20 23 25 27 28 29 37 38 22 24 54 57 95 99 

