1999
0.80202339 0.81676387
0.02723064 0.38142076
0.75918745 0.59207747
0.21172894 0.24372301
0.66354763 0.71791972
0.94418538 0.92382893
0.20739133 0.11931796
0.92549349 0.58070450
0.65443405 0.67134971
0.18699188 0.42949908
0.31044126 0.38707009
0.04029236 0.69562804
0.15768836 0.44858159
0.04441501 0.72388964
0.97492477 0.71230264
0.68699131 0.77694816
0.52906652 0.71422195
0.15836892 0.28825397
0.30629942 0.37009785
0.53197698 0.96984705
0.08801758 0.47616236
0.89367598 0.29540891
0.59548032 0.81916947
0.87611341 0.24991437
0.49051918 0.06310528
0.67941345 0.80096043
0.45017537 0.71970581
0.49658848 0.60786373
0.16828740 0.54100349
0.33175337 0.14321217
0.25330613 0.01874468
0.92016033 0.78237265
0.73296663 0.07852924
0.07062661 0.03926605
0.44862710 0.60260359
0.00911309 0.53664468
0.07876595 0.90278907
0.83205359 0.67424628
0.72195854 0.70816700
0.92416065 0.21247771
0.77127228 0.60357410
0.01343815 0.22144765
0.32327990 0.51002662
0.82931138 0.49156730
0.05103011 0.16106475
0.63477947 0.30433624
0.17980943 0.55493980
0.08670889 0.91277606
0.63346904 0.15733550
0.95204211 0.08209614
0.75993910 0.96115520
0.61874081 0.83870505
0.86394427 0.45079440
0.51295132 0.58590281
0.15896140 0.43711197
0.79838053 0.93023368
0.04068607 0.81181867
0.15168133 0.36396597
0.32184529 0.98099271
0.85553327 0.37287540
0.14205746 0.49031274
0.67721165 0.32186690
0.04525254 0.76392054
0.23464296 0.67872158
0.92125604 0.18668507
0.76081772 0.68119513
0.14784027 0.37955853
0.51990018 0.01178454
0.83035293 0.03285151
0.59768736 0.98931433
0.46996348 0.39606788
0.91954801 0.51064955
0.20788656 0.07122934
0.87461552 0.52973185
0.05222205 0.73014879
0.90260726 0.19427951
0.22046153 0.57981890
0.51614641 0.26571407
0.34373944 0.75078937
0.94443565 0.26499548
0.93747444 0.70525336
0.94619061 0.08531471
0.08481189 0.46609079
0.09709925 0.91516483
0.49894230 0.69478661
0.90447916 0.96890578
0.09085449 0.82402717
0.47955533 0.29874105
0.89525651 0.35417084
0.82847290 0.94747856
0.08431963 0.73108015
0.14175807 0.30478116
0.31089906 0.65790448
0.57049522 0.65463850
0.40869385 0.51493087
0.91963397 0.34616829
0.22018423 0.86582458
0.43148299 0.30499612
0.33191538 0.52858224
0.22016095 0.83085768
0.22336885 0.12464010
0.79976346 0.31422334
0.94866727 0.27931878
0.61296439 0.84392378
0.63348963 0.44143729
0.79140234 0.71780926
0.17251744 0.93316041
0.02259041 0.48341650
0.59106489 0.59308564
0.13805499 0.99975875
0.10801651 0.05768897
0.34592703 0.32820074
0.92351355 0.77741003
0.63319686 0.25542892
0.30599227 0.85335781
0.08628660 0.52936112
0.97799792 0.88605006
0.84358446 0.92666519
0.16536884 0.45654885
0.77058897 0.79885847
0.89798614 0.56199130
0.51666772 0.07050358
0.49515172 0.53925814
0.55392008 0.08621661
0.13234378 0.69197507
0.08597536 0.24036028
0.74966404 0.43190239
0.56856102 0.67317758
0.20931242 0.20175789
0.92860651 0.51530469
0.05511570 0.01489311
0.04466581 0.03311362
0.90094316 0.88825027
0.95977881 0.06631200
0.34479912 0.73036777
0.86517047 0.24278526
0.29235908 0.38183819
0.31328884 0.78751079
0.92109633 0.86720892
0.87372740 0.05344011
0.55918399 0.95970276
0.29380039 0.30884802
0.39160515 0.86236142
0.98202561 0.60091756
0.06411930 0.91063212
0.11622225 0.11923500
0.92552522 0.16088807
0.15234862 0.82646839
0.04913834 0.11212743
0.89278039 0.39393746
0.84249520 0.75795086
0.63672272 0.13485427
0.13978906 0.95001156
0.92236507 0.06088539
0.81722047 0.79609247
0.11432549 0.37640446
0.75579522 0.40812588
0.68525248 0.14740037
0.27048730 0.66727809
0.74831793 0.33460660
0.57791020 0.86454019
0.45384160 0.50343543
0.02542825 0.60619022
0.32990381 0.07456659
0.71831765 0.22268420
0.46850405 0.56081285
0.98063507 0.10522677
0.69566712 0.12042412
0.05523832 0.61803219
0.18130951 0.87245879
0.41412466 0.29563500
0.24886325 0.16991988
0.70376089 0.93411573
0.31732025 0.97424818
0.60139382 0.06563819
0.30885479 0.17930403
0.93017838 0.76269639
0.68273945 0.95560663
0.36888661 0.01264327
0.03017322 0.08720426
0.23532747 0.49867727
0.64801711 0.21596254
0.60390404 0.34368424
0.33638666 0.65914236
0.96171643 0.51769617
0.53160116 0.37584109
0.81333117 0.78046441
0.54576097 0.51709205
0.71458014 0.86308122
0.49134024 0.31597396
0.92871941 0.80019502
0.49527799 0.85889778
0.56289141 0.17801744
0.81450441 0.93177803
0.19066071 0.84467763
0.01898229 0.42598818
0.34335490 0.66699940
0.64195071 0.94725894
0.01068364 0.97833737
0.60640130 0.97240007
0.49603354 0.13800246
0.34824115 0.30936470
0.91846687 0.89400212
0.82645675 0.63304701
0.75708334 0.31779699
0.94902097 0.68580274
0.11799201 0.44429896
0.54470052 0.68088342
0.62231640 0.35920493
0.61266145 0.81297710
0.20388256 0.63164374
0.23896528 0.54723746
0.29864314 0.88091599
0.49449640 0.30932678
0.85925337 0.10089770
0.28172685 0.35528690
0.23890016 0.62996800
0.66465161 0.15736703
0.52397012 0.49110836
0.79041404 0.28105345
0.80890535 0.73943501
0.96685620 0.92689736
0.18373397 0.51155672
0.60778078 0.80605037
0.87076165 0.22044223
0.61902747 0.07464421
0.85208596 0.85799275
0.62188167 0.15072910
0.73890874 0.11637807
0.46005588 0.59816211
0.21727578 0.74178273
0.95344901 0.45617594
0.37175072 0.61810062
0.61354298 0.89572084
0.10920898 0.40395702
0.17677429 0.91811433
0.14339203 0.14363049
0.84501169 0.32712600
0.65518721 0.45279247
0.13317637 0.52594886
0.67323470 0.75220383
0.60059307 0.52532066
0.61019658 0.22247474
0.67604976 0.34910532
0.33885281 0.13610564
0.94726743 0.55612859
0.87788836 0.90071644
0.01230453 0.24963909
0.51881706 0.62584750
0.14535993 0.62802604
0.02980452 0.32213422
0.54614037 0.17319655
0.46576471 0.39115206
0.50032255 0.12095192
0.84394453 0.63349892
0.64690077 0.51717923
0.38570275 0.24749384
0.04249989 0.99589933
0.46996857 0.71854965
0.34500465 0.80882138
0.85465529 0.29227208
0.36494997 0.73254366
0.19298852 0.37725449
0.98218274 0.71180558
0.00310200 0.12754267
0.33983162 0.03290652
0.44967689 0.88597199
0.20610307 0.91544160
0.27712405 0.70642562
0.03639352 0.12106858
0.33992454 0.68329429
0.63824781 0.72562729
0.93078813 0.68074770
0.72152662 0.40075670
0.39929736 0.06653127
0.20957808 0.25395265
0.35880336 0.57452805
0.98649630 0.55179188
0.95178254 0.96867905
0.26359746 0.95488453
0.09622172 0.60342908
0.98779105 0.54589861
0.48940107 0.19389412
0.46134021 0.76652511
0.90031974 0.49773373
0.88759370 0.24024428
0.18102802 0.52584151
0.96587156 0.11181614
0.20658921 0.68739819
0.51257284 0.60588657
0.75392946 0.72215092
0.85983922 0.11273282
0.29667897 0.84633552
0.66452469 0.24846151
0.81501457 0.92812215
0.20334604 0.91123629
0.53155123 0.19113709
0.45713490 0.02095230
0.38503121 0.91847511
0.78747741 0.28535094
0.41620884 0.67507111
0.52559522 0.59723686
0.20091262 0.49146678
0.70905300 0.40750183
0.17886497 0.22162584
0.01338840 0.93279443
0.94377677 0.87322762
0.04552724 0.24045573
0.71956315 0.71005194
0.48891724 0.53457772
0.63817409 0.69226328
0.44581401 0.16972532
0.88340037 0.90294891
0.19067762 0.26843157
0.82142402 0.97815504
0.55378252 0.23763286
0.65322615 0.07937773
0.83486971 0.85413876
0.57084452 0.54392272
0.26164060 0.74970948
0.76554856 0.27502900
0.68250391 0.70932533
0.14825662 0.72803115
0.94978106 0.86781977
0.43808309 0.43869830
0.40239749 0.07625718
0.13096158 0.84821149
0.24598250 0.01436194
0.75116040 0.43666013
0.28279351 0.57258442
0.41481516 0.83657603
0.81021727 0.06804131
0.91595376 0.64508699
0.92218007 0.48679828
0.18900970 0.18382067
0.23650776 0.95455826
0.45884967 0.91901167
0.66388359 0.60710629
0.64704282 0.61366465
0.47492606 0.08512591
0.05236295 0.87732355
0.16138309 0.18332452
0.72553504 0.40736559
0.19768647 0.47669544
0.84402572 0.48047998
0.04927986 0.25884088
0.31705601 0.85949713
0.32688219 0.23300977
0.50458412 0.24906226
0.71980804 0.69359382
0.43288293 0.95631580
0.64815209 0.89173260
0.87532747 0.31203568
0.49883889 0.52237029
0.92570033 0.97376496
0.60749620 0.97806328
0.85108851 0.76887929
0.16138780 0.57662355
0.17624488 0.35907427
0.05331900 0.02027060
0.83955425 0.10259885
0.27911148 0.15661025
0.96209599 0.60599367
0.38962002 0.46668010
0.85505593 0.10942806
0.16027393 0.28793886
0.06574386 0.80842601
0.17967146 0.94107133
0.12046169 0.67851035
0.46344162 0.04616202
0.65227531 0.07093782
0.02422530 0.50336382
0.83981711 0.18561310
0.07998737 0.01606199
0.54468737 0.13330637
0.03633259 0.38424162
0.23590522 0.31544407
0.54085187 0.19800121
0.92143773 0.93047189
0.66468131 0.77649366
0.03989995 0.82495524
0.06443252 0.10564382
0.63338125 0.24410398
0.04671515 0.75384294
0.92261434 0.51015677
0.80000496 0.57488965
0.58109459 0.82423026
0.07825347 0.42091170
0.00984336 0.15824084
0.43697369 0.55453073
0.29154721 0.47330628
0.93877235 0.52745243
0.78875034 0.47962423
0.72545364 0.71018808
0.41009612 0.39013495
0.48668174 0.44999607
0.21509019 0.55111426
0.55563989 0.84847144
0.79521825 0.60235503
0.60231438 0.71783258
0.11251181 0.40231934
0.29272223 0.69360640
0.22654960 0.37097571
0.11451810 0.23639296
0.52921655 0.55149179
0.79092370 0.82076376
0.02479806 0.72969605
0.34821619 0.81354840
0.20932028 0.07366984
0.52373648 0.61941640
0.46380479 0.01041822
0.06941246 0.67889498
0.56153248 0.62505235
0.52736642 0.35675072
0.22740738 0.12968080
0.07458331 0.33991919
0.53200015 0.36730554
0.03352559 0.75854975
0.73828125 0.14804369
0.99494271 0.26749780
0.69953547 0.78586641
0.08826156 0.72433354
0.51556246 0.43647775
0.53788194 0.72488274
0.51014759 0.06161842
0.34429914 0.97395238
0.07203664 0.41371160
0.65284736 0.63356911
0.03876395 0.18021378
0.99031984 0.26617133
0.30989458 0.06490315
0.60609052 0.84189472
0.43220869 0.63961611
0.60044447 0.17048993
0.78765979 0.59538718
0.43798773 0.48719527
0.38125360 0.52624928
0.21152880 0.89681606
0.96272703 0.74941074
0.62169880 0.47287462
0.81102916 0.96599794
0.44682700 0.88306580
0.37970954 0.09967435
0.51663491 0.41847349
0.27988813 0.50695475
0.68464483 0.58978271
0.57185789 0.29073535
0.43167743 0.00406658
0.93035146 0.03212190
0.17455651 0.71801126
0.62750908 0.61254424
0.20520652 0.00876268
0.13879352 0.41673533
0.90557874 0.10152056
0.16614607 0.52727754
0.57439518 0.97717523
0.49327548 0.02122217
0.86024103 0.87298503
0.12089653 0.37687594
0.29145852 0.40078465
0.88383069 0.97610335
0.99056736 0.45568858
0.26683870 0.42224479
0.45975516 0.19719016
0.45436669 0.63431167
0.91520142 0.08187578
0.24685591 0.12040794
0.09063846 0.38564943
0.53714327 0.99621720
0.48716999 0.70328934
0.52349474 0.06156517
0.68046457 0.01677022
0.08278734 0.54070560
0.88975525 0.20368387
0.91758154 0.18121377
0.60446852 0.80141222
0.15731711 0.59503588
0.25710080 0.42415581
0.01728067 0.71685596
0.62134597 0.47164736
0.35116763 0.53654739
0.55352314 0.59802354
0.65695534 0.64416160
0.98367297 0.19409861
0.64037879 0.47084296
0.89738795 0.16387353
0.53240813 0.57785252
0.18064375 0.61519547
0.11855811 0.07039900
0.81887934 0.03613965
0.25161276 0.42334787
0.83755187 0.40892987
0.01838375 0.09465267
0.83308569 0.03566442
0.81150863 0.45443166
0.50731178 0.16267626
0.99097905 0.06083492
0.76069980 0.64793439
0.70499652 0.74437278
0.84203300 0.34537531
0.21521574 0.73942094
0.50924884 0.74762387
0.31727346 0.68989259
0.36281935 0.43583157
0.76029158 0.18169869
0.47197122 0.01190434
0.60504656 0.30952309
0.42083422 0.62343031
0.40417576 0.25391990
0.65909473 0.21568439
0.70835157 0.16640651
0.37836065 0.69933062
0.22724143 0.13906045
0.34726501 0.93223795
0.88343323 0.18929800
0.27761326 0.09864897
0.92871894 0.78686210
0.84627284 0.24599240
0.47675469 0.20909219
0.68182397 0.23704628
0.39079088 0.15379519
0.24895062 0.99583744
0.46331827 0.66978484
0.61926774 0.86749403
0.92370474 0.27836247
0.08317842 0.63205631
0.44476898 0.46153907
0.33138693 0.67201041
0.60059952 0.67865194
0.60424837 0.48403274
0.86794994 0.88186163
0.58268171 0.79666889
0.66872373 0.42895455
0.04266128 0.14547843
0.63804674 0.72448525
0.38252470 0.02883762
0.87828044 0.63147532
0.02467506 0.34159871
0.30126016 0.64394281
0.20909274 0.22496491
0.92230528 0.29227116
0.85702122 0.36707426
0.75381023 0.18840815
0.03908467 0.35440975
0.86706008 0.64333304
0.83844249 0.73501002
0.52519467 0.42112421
0.53167891 0.19391840
0.85007876 0.57434019
0.33939683 0.48812550
0.29882545 0.72192153
0.51696313 0.17710588
0.35339685 0.54163819
0.51870460 0.65465702
0.18558100 0.72779734
0.87962193 0.10788627
0.02006850 0.73664314
0.47496053 0.77387873
0.92505129 0.51404520
0.12828848 0.79211137
0.15737824 0.96673097
0.52712140 0.68257291
0.38785518 0.05880031
0.87649131 0.23793394
0.63314050 0.21588814
0.72605944 0.93196595
0.93780967 0.24302257
0.10907183 0.29120652
0.78466076 0.62777643
0.94586354 0.97024176
0.35557377 0.82548546
0.07812803 0.37564227
0.56212861 0.55308856
0.14952101 0.48717989
0.06713376 0.27780949
0.27929127 0.22451200
0.24454046 0.80641266
0.90708491 0.63239564
0.86521297 0.78357622
0.87032958 0.49835347
0.99946435 0.59638902
0.43031941 0.93727402
0.83941159 0.53939125
0.22848053 0.62407235
0.16716767 0.17434407
0.59431410 0.52274144
0.99982953 0.67244213
0.89838371 0.56195814
0.22553069 0.04790472
0.04913803 0.29266446
0.32571420 0.32842930
0.51717646 0.57025467
0.13484196 0.42426137
0.20265030 0.00005493
0.20783758 0.07297988
0.49840840 0.20730193
0.66936890 0.92872781
0.14457595 0.50878049
0.46811906 0.37305648
0.13285283 0.63528673
0.54740055 0.72716693
0.15802817 0.54723009
0.39960907 0.05641188
0.10918823 0.62513976
0.10431660 0.15832626
0.91780422 0.43003081
0.48675556 0.43498068
0.00028547 0.62159752
0.85924204 0.20293578
0.62165245 0.06707962
0.27591566 0.12006085
0.27438155 0.94528456
0.04878866 0.41895750
0.45406504 0.51690772
0.79201398 0.58691787
0.15219445 0.33941453
0.31408481 0.31022262
0.88664462 0.71369388
0.36663450 0.99583285
0.33883364 0.47095110
0.15415911 0.25663786
0.90098191 0.64091466
0.69161854 0.90126738
0.26251218 0.55086058
0.10420316 0.88416463
0.61794020 0.38011882
0.00422548 0.89232176
0.32540337 0.05301414
0.31127926 0.77946841
0.56992186 0.10329324
0.36638629 0.72211631
0.44270777 0.68047110
0.03233893 0.32935239
0.39416497 0.39897343
0.32518524 0.73299861
0.86992453 0.47934435
0.98963647 0.77090644
0.12025901 0.68125501
0.67217383 0.38277120
0.23211559 0.77637699
0.26693583 0.85005579
0.15649580 0.27116131
0.74237755 0.48189917
0.32417545 0.05365681
0.26136759 0.89409731
0.15695004 0.62775387
0.61621361 0.59965782
0.30822497 0.64855254
0.92901021 0.70238995
0.04752597 0.25419545
0.43538856 0.91745050
0.73353980 0.42502503
0.68835694 0.85379882
0.10628004 0.36053077
0.23657001 0.33839563
0.13690775 0.50350584
0.18845143 0.29340356
0.77466715 0.93082898
0.77530273 0.09884260
0.98448578 0.03667031
0.99293990 0.14143583
0.66442419 0.60915352
0.74109364 0.97264916
0.25770605 0.67010386
0.67503910 0.30523202
0.92429931 0.11042766
0.22268252 0.65783911
0.53545270 0.91103946
0.51163793 0.64173274
0.27157023 0.74820794
0.98012837 0.40847798
0.25171378 0.16857980
0.70188154 0.02638093
0.09940877 0.47718427
0.12522353 0.08389455
0.51385458 0.11816343
0.22533038 0.17827877
0.72731695 0.96642402
0.15092793 0.98502300
0.63652788 0.82596703
0.29025502 0.56082719
0.93639470 0.51293753
0.21866630 0.47184739
0.42397699 0.73030423
0.11358013 0.69554722
0.47851217 0.09370850
0.10402520 0.73022596
0.26228830 0.80590674
0.75660689 0.36169707
0.28309101 0.88183042
0.44559162 0.79694559
0.99999385 0.67092200
0.97522436 0.72731080
0.63734602 0.12615229
0.71233380 0.27387389
0.95211932 0.00258882
0.83470108 0.88851402
0.51552635 0.05336738
0.36036142 0.93950334
0.78367161 0.47394155
0.63505056 0.26218379
0.56765005 0.73907577
0.99240974 0.82993835
0.54498251 0.74901664
0.19163542 0.82807351
0.63084706 0.63722704
0.62501910 0.63084091
0.30814904 0.60024346
0.35815171 0.94549506
0.72639575 0.07048552
0.21936895 0.67851508
0.07307433 0.05407003
0.56702910 0.58860069
0.10743741 0.92739052
0.52810403 0.89110902
0.40133207 0.16315459
0.15329281 0.96898212
0.90223036 0.14570255
0.79892047 0.44721286
0.89471919 0.99055589
0.27528638 0.52556625
0.62778294 0.90030548
0.15640716 0.93593198
0.50054894 0.51455887
0.88142704 0.22694470
0.58504439 0.10079599
0.90545977 0.65811872
0.15486602 0.47248887
0.24671941 0.26230343
0.39987939 0.77482344
0.15341246 0.80121145
0.93797803 0.30670527
0.77019357 0.84020839
0.45240782 0.56911404
0.28742125 0.34712701
0.55966993 0.56270763
0.87269325 0.18745287
0.46301311 0.02910041
0.12338485 0.96356206
0.54365928 0.00481189
0.19050675 0.12870367
0.10560788 0.09596653
0.78682239 0.26047390
0.56845540 0.03354180
0.52277733 0.96833479
0.80836524 0.67618979
0.76954624 0.74634327
0.98289506 0.53973981
0.58655166 0.43530288
0.10885385 0.87397291
0.78242988 0.66852378
0.43668054 0.65512313
0.85597665 0.89969366
0.68422355 0.97936150
0.86325572 0.22788283
0.98417339 0.05376247
0.35658650 0.08978126
0.14972900 0.14340889
0.35025516 0.71818440
0.17695069 0.87303249
0.68651919 0.98531592
0.54922228 0.45606542
0.73165919 0.53211734
0.99580523 0.31821085
0.96742022 0.10465908
0.19218376 0.74985010
0.77318286 0.62886430
0.40497323 0.62915951
0.52855796 0.08919678
0.60852101 0.39181368
0.31707961 0.59269440
0.44557615 0.67366610
0.68247566 0.59530515
0.81707499 0.03273082
0.31348955 0.99402568
0.90576332 0.00000874
0.97934160 0.45498560
0.45607416 0.71100079
0.98710294 0.45187939
0.02921163 0.95452316
0.55653847 0.22139539
0.70437326 0.32972133
0.85025969 0.10934649
0.95888084 0.37881765
0.19854327 0.56740186
0.77063133 0.51562288
0.16009626 0.21620749
0.18928898 0.84257192
0.81151264 0.00636397
0.87530274 0.12500219
0.00038965 0.78106606
0.12501093 0.97973125
0.23605166 0.58108509
0.69073204 0.22315460
0.03296448 0.71994367
0.17767776 0.58950295
0.94133906 0.88205102
0.91922428 0.79159875
0.99139751 0.87810513
0.17041641 0.18994078
0.44550698 0.94104774
0.70556365 0.60560324
0.15725522 0.89485264
0.44817516 0.96876786
0.90121661 0.32347790
0.09377005 0.90160626
0.10454395 0.21878098
0.88133751 0.34059561
0.79986607 0.57206955
0.56375021 0.83283055
0.29201322 0.74142797
0.42233350 0.23335228
0.62347898 0.34155779
0.02495103 0.61487649
0.21966292 0.19536744
0.80481727 0.66516990
0.13641518 0.51038092
0.27077314 0.29367040
0.40523356 0.71894830
0.26243826 0.30645017
0.04242619 0.35620832
0.20805643 0.14697015
0.57498930 0.08939394
0.48756576 0.37485537
0.66146349 0.05131597
0.20768592 0.95347671
0.79274393 0.63001942
0.18682898 0.41622292
0.97157721 0.21178001
0.03109941 0.19124013
0.40714745 0.83591667
0.85641003 0.54356262
0.34629760 0.12718316
0.83723302 0.75153115
0.84613146 0.09967128
0.05798132 0.88855766
0.45587960 0.26603775
0.03552780 0.03086890
0.35543169 0.52309356
0.40572426 0.01689518
0.57440953 0.61341018
0.97037188 0.36715346
0.24342960 0.15720086
0.78337638 0.21500681
0.36898088 0.81447579
0.40624694 0.77612832
0.65039246 0.26265696
0.31969094 0.99669006
0.38984013 0.15692397
0.74822121 0.23597159
0.25659525 0.80620253
0.12452925 0.71247485
0.07224028 0.16005705
0.74334375 0.42767197
0.68315061 0.14906801
0.44456715 0.25756014
0.76247819 0.41493903
0.62471361 0.00590779
0.57213989 0.40808999
0.22091460 0.94112077
0.22256577 0.62716154
0.71724909 0.87295823
0.88981851 0.03694003
0.86964829 0.27965863
0.19386400 0.61786950
0.51563023 0.45045925
0.42407203 0.64015947
0.16293410 0.49631231
0.80021653 0.90627784
0.92398428 0.48336714
0.05534585 0.36855142
0.74092729 0.81782404
0.78349045 0.36564089
0.82373182 0.35563034
0.77373088 0.04464642
0.29675111 0.99629665
0.67180796 0.01400020
0.86925488 0.56162647
0.05094023 0.73890317
0.84128510 0.24480423
0.35677266 0.35691533
0.69526348 0.78084469
0.99707480 0.85819758
0.27715700 0.79729133
0.76447542 0.20114127
0.28065847 0.81982127
0.56969269 0.02158576
0.63764530 0.35318314
0.38722665 0.46137713
0.70881349 0.16095753
0.50602355 0.00556459
0.15725418 0.17783151
0.01956479 0.02650906
0.73945798 0.07050502
0.76541223 0.58074309
0.31530925 0.12218489
0.93765842 0.01057273
0.90302958 0.93473322
0.86877031 0.18018658
0.73202455 0.63324573
0.38132785 0.01268302
0.45306699 0.95102055
0.03426878 0.09071229
0.30420369 0.42149543
0.55208942 0.01301718
0.58245296 0.05811297
0.01858177 0.73970714
0.23594448 0.03814656
0.76621620 0.97540247
0.10865159 0.53162843
0.55614555 0.42396084
0.65381332 0.49380397
0.43453357 0.55684291
0.42853719 0.30330388
0.73702949 0.16056174
0.93654960 0.11835734
0.17324476 0.38961660
0.06937788 0.20751354
0.48032889 0.37358158
0.62900898 0.03241831
0.38659875 0.21146194
0.09053128 0.40518052
0.95116908 0.32647576
0.44332709 0.71738528
0.30187823 0.55197867
0.24901371 0.85802378
0.97593952 0.90282704
0.35182774 0.41047309
0.45966994 0.78036493
0.71377696 0.19669943
0.94092666 0.65032657
0.31505677 0.11417142
0.03994316 0.38443465
0.32168497 0.52027205
0.75801623 0.95069394
0.55269036 0.14461498
0.16215588 0.64322164
0.54979550 0.11332496
0.96969741 0.99312259
0.83071024 0.27157564
0.54510126 0.07972396
0.12959942 0.52104078
0.98255100 0.48142716
0.93151386 0.44222094
0.26179209 0.64529083
0.63892037 0.20271875
0.29561739 0.95397713
0.31689018 0.33556055
0.33841178 0.63857514
0.85583261 0.09642801
0.58926909 0.40852297
0.24104299 0.75142496
0.05174461 0.79083849
0.86474993 0.02144202
0.78396107 0.69546017
0.29301766 0.32906233
0.77518413 0.42261708
0.85010311 0.75773512
0.90404424 0.78161697
0.19995606 0.16583633
0.42690780 0.83887643
0.36855508 0.72252519
0.79285356 0.68544526
0.05808574 0.13126534
0.32402040 0.91391835
0.22769335 0.91328949
0.32244132 0.46873634
0.66471445 0.37418593
0.25957483 0.52946438
0.39562795 0.04353590
0.22492455 0.68864561
0.37259823 0.00010867
0.11126269 0.22270134
0.75784379 0.01530692
0.00431831 0.95779985
0.18114325 0.43122611
0.79667628 0.54969833
0.15375130 0.58952984
0.23514359 0.21183704
0.72079518 0.55916399
0.12575539 0.94848853
0.47245348 0.44819670
0.41722487 0.13716793
0.82238263 0.67679970
0.66663231 0.21801059
0.72033559 0.89155686
0.90665620 0.09293383
0.89166553 0.01791888
0.31563517 0.64950932
0.03322581 0.31995349
0.60730917 0.21436906
0.75117960 0.40398545
0.76406739 0.90493089
0.99351529 0.99921098
0.11676793 0.71431047
0.55837497 0.24252332
0.66279900 0.03082845
0.69072002 0.08002388
0.16799638 0.51310266
0.75682357 0.83462869
0.73111324 0.47715917
0.72618554 0.63776944
0.57009299 0.61785107
0.65568833 0.88572816
0.26736039 0.68891413
0.20568165 0.87466956
0.90328319 0.95686125
0.27865502 0.66735058
0.86179214 0.27217031
0.66656155 0.97856007
0.98648078 0.22493652
0.22108339 0.64927979
0.25576496 0.91180342
0.72930366 0.42376134
0.42490607 0.48612723
0.25839003 0.15601932
0.96328640 0.98457557
0.79378876 0.53337939
0.60242664 0.44947708
0.41910755 0.86978703
0.13839121 0.62478920
0.74445660 0.04167440
0.58165045 0.02311161
0.70902498 0.44344259
0.29528192 0.37558653
0.42200266 0.28176271
0.60052305 0.64308605
0.93104249 0.85628802
0.55488947 0.66034615
0.28004936 0.97979554
0.14647339 0.53843939
0.13581486 0.10975978
0.52301496 0.92960362
0.64313917 0.12544160
0.37908070 0.06224673
0.99522863 0.51747192
0.68703593 0.73968523
0.55914632 0.26868638
0.76279684 0.26817130
0.71212896 0.05807877
0.64375784 0.13413162
0.33984147 0.24428089
0.77721768 0.27088396
0.10056891 0.33210715
0.93123012 0.38061827
0.31190269 0.07770351
0.91905766 0.44771755
0.18746329 0.44207262
0.37732117 0.83060246
0.56751422 0.75640187
0.89284919 0.56274285
0.27387379 0.57988512
0.30242808 0.83302011
0.84857150 0.06522493
0.10119141 0.56070046
0.12330369 0.74494925
0.69483209 0.46314517
0.98923014 0.47204977
0.73402913 0.08979904
0.80415691 0.66525925
0.47041731 0.11605961
0.74296275 0.38947496
0.56377716 0.93042604
0.83154758 0.94109833
0.76102851 0.39906180
0.69750021 0.65387770
0.96180465 0.97137400
0.23376282 0.26423274
0.80439410 0.08233432
0.32945766 0.90558551
0.64303478 0.45276136
0.65053476 0.33786687
0.91590652 0.63976490
0.80991664 0.64993565
0.72956394 0.61407355
0.31519490 0.19998125
0.73013316 0.05815766
0.58945621 0.29391032
0.98858370 0.42100379
0.23500865 0.74961221
0.82006559 0.93250886
0.40348990 0.78187025
0.90388285 0.63725272
0.04610298 0.70827696
0.71958704 0.37556065
0.61386247 0.36262182
0.82832200 0.26439723
0.70048869 0.74422853
0.90416213 0.51040533
0.39416418 0.63372607
0.12447888 0.70935908
0.83370732 0.85461203
0.76751674 0.42316353
0.14852235 0.75610044
0.84416732 0.38353100
0.50571264 0.66423291
0.31603986 0.90920255
0.44610316 0.21992271
0.54645527 0.49220614
0.92819967 0.26604231
0.86776679 0.54206214
0.62866414 0.69608880
0.80645937 0.32915283
0.44031732 0.71062150
0.83955816 0.83448150
0.34434757 0.96403704
0.54384059 0.17805488
0.81864907 0.31135732
0.60121841 0.96717142
0.06745776 0.44538573
0.35070243 0.57317040
0.10961865 0.66674229
0.48237295 0.55572181
0.88666500 0.02882822
0.04792795 0.81486467
0.29487054 0.91569475
0.35692681 0.92353467
0.61178354 0.16338618
0.25268751 0.05210087
0.87400768 0.09224567
0.88658237 0.21835525
0.05628271 0.43042296
0.39641014 0.87493178
0.74178028 0.99762855
0.84210321 0.80923804
0.44301428 0.19280563
0.38240844 0.55263293
0.85954792 0.86478139
0.10835474 0.74621292
0.89360961 0.15628270
0.56107759 0.18848014
0.07197744 0.91800440
0.11201482 0.68376099
0.08139058 0.36470233
0.73586185 0.95539827
0.45694799 0.62244422
0.17375352 0.51323070
0.05286718 0.57016366
0.38816248 0.79464746
0.56779221 0.23026569
0.60388549 0.01080649
0.42307132 0.98629393
0.56343942 0.28261924
0.85107532 0.67179417
0.02883216 0.74468493
0.82807686 0.58990975
0.93316508 0.90005431
0.50791415 0.04517990
0.58381529 0.58930474
0.40988222 0.31967714
0.54470300 0.86683021
0.94212136 0.71845652
0.38006092 0.99498854
0.28862018 0.76822340
0.78963600 0.85641238
0.99848909 0.39352149
0.86721887 0.42156041
0.37981542 0.43065830
0.70417965 0.23089074
0.10245246 0.73301181
0.97557568 0.93052933
0.32292156 0.90874076
0.83058364 0.83083571
0.95392065 0.41439893
0.42014045 0.36380287
0.73407607 0.96484345
0.23063309 0.67619744
0.68329998 0.61069400
0.67118598 0.97192016
0.37891740 0.46082197
0.82833254 0.37740648
0.85434346 0.69555141
0.79896689 0.23415888
0.12620971 0.50314654
0.46504963 0.22866218
0.23615835 0.44062530
0.15919151 0.55907991
0.34936606 0.98977514
0.38991562 0.30328671
0.40417407 0.81005607
0.66708958 0.13825015
0.77489953 0.89772267
0.81444758 0.45819950
0.50841667 0.48563356
0.43011966 0.88733407
0.94645553 0.25845220
0.26474055 0.80079899
0.95400361 0.06370744
0.03495787 0.08021332
0.56685398 0.50000750
0.30887549 0.80301233
0.94063280 0.46806700
0.36209224 0.28999886
0.45784214 0.75200787
0.59328557 0.86201622
0.56206394 0.26037516
0.00026636 0.33696346
0.15809783 0.81471394
0.79516297 0.66651450
0.30034750 0.22528262
0.55384856 0.24680304
0.48373482 0.81858912
0.04760203 0.43773843
0.88229656 0.08255990
0.51795175 0.44915055
0.58256740 0.82682724
0.25216288 0.52320020
0.29489424 0.61425512
0.81319907 0.75273638
0.36626299 0.40648464
0.61475260 0.92832693
0.66685980 0.61501896
0.26529039 0.82495763
0.42973290 0.06045336
0.49147212 0.73008041
0.28573598 0.04532069
0.97688344 0.76947080
0.86390981 0.02448547
0.20720922 0.74620637
0.10704537 0.72516097
0.19535691 0.68961277
0.55198821 0.44751979
0.21281297 0.84688245
0.06177492 0.02601204
0.59961883 0.42803791
0.43249668 0.21437143
0.35636484 0.09935648
0.82939038 0.62165523
0.92431411 0.25912328
0.68210859 0.41578623
0.98920369 0.96784457
0.46110692 0.96608713
0.73731537 0.32501672
0.99057260 0.94452459
0.07122309 0.09761797
0.66968556 0.26658000
0.78723074 0.22167377
0.71409980 0.00004371
0.06855622 0.77587472
0.02605575 0.66817505
0.20391263 0.45855243
0.88254647 0.56027746
0.55790892 0.71193685
0.18193270 0.48222302
0.97106014 0.86404128
0.89800926 0.96026383
0.83188585 0.35911618
0.92635096 0.56920122
0.68413290 0.91692357
0.51372581 0.75535599
0.01454153 0.18341137
0.02193599 0.80177227
0.40508514 0.73603579
0.80181598 0.47364135
0.51191051 0.82787173
0.14181640 0.71582314
0.28642417 0.02436287
0.27610060 0.84433308
0.73629972 0.45803330
0.32655611 0.70735986
0.32207458 0.22456536
0.66762369 0.15396043
0.58368154 0.59397466
0.72316165 0.26781444
0.51089822 0.23688746
0.02317043 0.52543976
0.42029883 0.04510642
0.32721203 0.82538396
0.78114222 0.12902801
0.29902532 0.29305273
0.95689974 0.44084172
0.00887586 0.24332391
0.46520459 0.28497646
0.08765699 0.20150431
0.74300976 0.41421310
0.90886417 0.06508433
0.63877846 0.57648787
0.21904477 0.22246000
0.17046253 0.94220642
0.49027444 0.68136075
0.17909388 0.51344486
0.20680050 0.59939270
0.55855129 0.53401253
0.42477667 0.33969350
0.66304055 0.72380199
0.63274623 0.61994029
0.16464370 0.64162209
0.86326420 0.62984829
0.92659855 0.95092119
0.83135260 0.66960831
0.36513428 0.74021677
0.73469264 0.00391274
0.31670464 0.95373740
0.22637274 0.48716716
0.89594382 0.71664718
0.16852791 0.07503770
0.23009204 0.37532841
0.67443040 0.78864333
0.90934095 0.09920707
0.12833683 0.57238149
0.82300905 0.76108306
0.19232178 0.98765275
0.40270515 0.05558598
0.61750104 0.32930370
0.00650717 0.44885363
0.99891200 0.37164145
0.18907041 0.73360464
0.37555419 0.50577504
0.68734205 0.60192693
0.99294221 0.58328587
0.31857411 0.16147011
0.65832356 0.54866615
0.53679853 0.33275396
0.33730947 0.44613948
0.43196102 0.46564630
0.01852097 0.25497008
0.22672936 0.21084275
0.24262283 0.62943451
0.26642873 0.86012387
0.95873821 0.27293590
0.30897750 0.95765021
0.64457735 0.49804791
0.69125485 0.02013154
0.00382295 0.37859690
0.62205847 0.99676515
0.96188276 0.94063258
0.15823527 0.62020632
0.48929873 0.69503380
0.95296028 0.82660820
0.14117327 0.38492131
0.29225450 0.15969424
0.63989138 0.51898386
0.37053699 0.88251421
0.14841837 0.63696572
0.74263807 0.10715658
0.90990161 0.05161557
0.06480679 0.55447896
0.54966348 0.75606164
0.57461050 0.55348643
0.13465854 0.19666897
0.55025158 0.09654130
0.13730155 0.70848685
0.71674763 0.62660027
0.40352064 0.66970791
0.45320847 0.54469391
0.05462921 0.74546298
0.70438815 0.69452059
0.26444684 0.07492514
0.57703480 0.41286521
0.71189086 0.31967288
0.52002180 0.62179248
0.37128845 0.58482859
0.17627144 0.92095193
0.34089023 0.75088194
0.47443836 0.47554877
0.94755091 0.02468994
0.57209007 0.08485245
0.73317678 0.28883770
0.71145273 0.13669743
0.95854561 0.16466120
0.68139134 0.01317482
0.91012418 0.38577949
0.70769541 0.17457102
0.46070464 0.28473022
0.58743623 0.17259550
0.60440309 0.10745803
0.79438798 0.97569155
0.69228661 0.97065941
0.89664348 0.03317684
0.72154135 0.37108183
0.50872562 0.66909225
0.39577177 0.08081569
0.75394471 0.12894856
0.36965339 0.46539744
0.26564598 0.32819900
0.63005864 0.94703732
0.34137381 0.54018282
0.33281681 0.04906923
0.71475384 0.79352145
0.33379945 0.30219007
0.96611695 0.93820254
0.40964809 0.76050492
0.91389409 0.10193470
0.73116433 0.81053756
0.13511155 0.45270568
0.18161940 0.64383716
0.12179794 0.57739117
0.72465285 0.87574264
0.70633973 0.09430624
0.34114008 0.97198571
0.42250524 0.97119872
0.91902302 0.76387905
0.51138154 0.25183983
0.81294828 0.22613537
0.04536128 0.14674773
0.52832544 0.01147823
0.08495027 0.93797353
0.77198315 0.99884435
0.03990823 0.50314748
0.80938192 0.17501978
0.95585317 0.99100131
0.81885695 0.07765110
0.56839248 0.54350980
0.95339374 0.27473221
0.63781604 0.29453382
0.24671791 0.06032128
0.26573255 0.16574094
0.82420033 0.77711409
0.41758077 0.63714861
0.00324946 0.46294206
0.78389634 0.53157490
0.47442028 0.86884661
0.46954843 0.24640343
0.86769096 0.50945667
0.74955091 0.67707288
0.68447645 0.70540408
0.66807419 0.50333340
0.78305518 0.23646667
0.04684320 0.73644892
0.51119888 0.68465924
0.03098275 0.75791679
0.74498052 0.29671529
0.92365773 0.56918086
0.07382938 0.34123851
0.20632947 0.07707884
0.80418056 0.99022581
0.60865374 0.27860084
0.85907242 0.07820217
0.52500428 0.72676338
0.58765883 0.27455519
0.40383625 0.27213528
0.97995927 0.07191044
0.77546868 0.76301445
0.30837711 0.82231188
0.49946337 0.81957599
0.50697112 0.53044612
0.57749279 0.25195164
0.82716141 0.50115052
0.82113250 0.90099079
0.84238903 0.02746197
0.97806963 0.64656959
0.01768778 0.58672337
0.92517043 0.87676019
0.66492554 0.45017471
0.60352357 0.25258437
0.72472990 0.00735982
0.52471965 0.70468916
0.07927026 0.30018833
0.46770361 0.38764737
0.12250020 0.96716698
0.20722336 0.62947132
0.49761310 0.78471615
0.88142296 0.32477451
0.28586667 0.70255545
0.22576530 0.12825570
0.73001742 0.20383493
0.77482528 0.74770520
0.79055830 0.69999572
0.62446539 0.45548383
0.15017042 0.22798896
0.70806820 0.87490032
0.23534878 0.23278785
0.57958948 0.31461904
0.53297618 0.04729309
0.70226641 0.65547638
0.01446008 0.90948977
0.28494770 0.51207318
0.69420592 0.16637065
0.83684769 0.98007259
0.86892611 0.06261299
0.10832829 0.59894353
0.26644792 0.88315358
0.34664873 0.05700622
0.58314929 0.97111412
0.51249005 0.73331971
0.19910308 0.22055825
0.60822003 0.43445186
0.45334610 0.18780951
0.74907090 0.98632227
0.23510261 0.45133731
0.64179865 0.24956268
0.36082708 0.92674635
0.76163586 0.05503300
0.09311700 0.59848355
0.03510560 0.96204311
0.66109654 0.14343389
0.56098663 0.92754446
0.02658746 0.90763536
0.98455068 0.60973675
0.87874948 0.49704072
0.34305646 0.07785255
0.71759897 0.95127649
0.51230441 0.17094507
0.13908601 0.26137531
0.15726734 0.37418861
0.71271261 0.79906600
0.62375130 0.07353969
0.72581234 0.38538716
0.12857269 0.81892934
0.98387071 0.16367829
0.78097245 0.64496724
0.30711217 0.34195908
0.57251170 0.33369963
0.24959444 0.55706238
0.94343639 0.12834392
0.05410310 0.28649285
0.20619647 0.77170207
0.23776934 0.71850088
0.94264714 0.37685535
0.97987618 0.09991449
0.75104397 0.69258880
0.89898048 0.37479526
0.76612849 0.62479283
0.76018242 0.89470118
0.44372217 0.74405312
0.05837947 0.22469461
0.38902037 0.36549164
0.56665370 0.96153207
0.69919128 0.81624814
0.51859444 0.64262766
0.94459205 0.57269754
0.92912051 0.15078852
0.34439962 0.16688986
0.86928940 0.28704676
0.54374521 0.84916558
0.38696125 0.29478917
0.54175438 0.28594173
0.66958444 0.30788287
0.91073456 0.42976686
0.20258405 0.35445673
0.17381998 0.26096351
0.57915134 0.56284035
0.62645516 0.14580504
0.52437241 0.32564643
0.96205318 0.04296686
0.96827409 0.90664523
0.61566440 0.89739461
0.05743375 0.96006402
0.06428446 0.92672315
0.24711078 0.60802967
0.77588873 0.63407202
0.90281885 0.31764311
0.92001376 0.57240329
0.62552598 0.83074832
0.00217014 0.82811003
0.18520505 0.17599012
0.08907354 0.76435639
0.73883047 0.71552870
0.91016143 0.26320288
0.04117513 0.87221461
0.30616974 0.00944922
0.77885983 0.92183414
0.90684383 0.83629358
0.88189815 0.97112829
0.76301673 0.12900893
0.57915797 0.53890547
0.76308095 0.48197682
0.85654858 0.68309471
0.05438010 0.48207456
0.51384303 0.05655025
0.31018459 0.69904808
0.23254037 0.39925813
0.46340447 0.97137084
0.11478682 0.37356590
0.23457372 0.15596195
0.24578050 0.54074346
0.16541117 0.02464033
0.46257760 0.07225500
0.86093392 0.34447575
0.04338330 0.62395065
0.47348468 0.62254126
0.16285612 0.23656563
0.10451808 0.01940470
0.91966034 0.15889819
0.50147926 0.43350337
0.21544843 0.81166385
0.13255145 0.44798880
0.21092198 0.59595592
0.41935964 0.32570880
0.96952181 0.65393336
0.48167075 0.21530231
0.19467681 0.64708193
0.23994265 0.65725441
0.71933693 0.10087657
0.00173016 0.76272023
0.72482722 0.47521484
0.38526149 0.88768334
0.71178047 0.48977958
0.90708804 0.63144082
0.64867776 0.40856730
0.06494419 0.86412619
0.22023115 0.19749564
0.31211499 0.43115313
0.79345156 0.73147463
0.75686193 0.76297337
0.38540798 0.23853268
0.97827568 0.58008479
0.88561461 0.21821833
0.23733921 0.60495154
0.31909490 0.23906937
0.36767177 0.04392212
0.71428421 0.75293326
0.93160546 0.42606468
0.24271284 0.83869349
0.05750550 0.89139060
0.24726079 0.12244968
0.75551679 0.46749194
0.31994532 0.06763178
0.89864507 0.11339688
0.79910640 0.65550700
0.87637025 0.18451438
0.89403968 0.85464594
0.76459918 0.77965429
0.07286427 0.00193838
0.38460583 0.39195917
0.24100775 0.75227760
0.43588129 0.95529196
0.50521086 0.36748674
0.38135664 0.74792370
0.20618024 0.43886214
0.63931429 0.45344103
0.56131182 0.39483108
0.92093297 0.88125715
0.46246286 0.81957804
0.99465403 0.26156926
0.47508504 0.87102428
0.44608364 0.36912471
0.72567022 0.21068282
0.14877900 0.79853449
0.21262120 0.53338483
0.19049366 0.45362895
0.28566243 0.62637494
0.40892091 0.79087329
0.99386168 0.79027756
0.53879699 0.20004192
0.22913969 0.17811128
0.65348295 0.79045152
0.57294236 0.57441592
0.67170866 0.03540522
0.39399396 0.66636269
0.29697448 0.86907900
0.53738697 0.74305812
0.23820371 0.26305719
0.95374094 0.38698271
0.06159168 0.16636215
0.92036755 0.25208533
0.61999110 0.20602998
0.87846028 0.02891201
0.99690327 0.87232196
0.81918957 0.53570025
0.07236388 0.04832926
0.71381154 0.72584683
0.83878078 0.28675390
0.30026275 0.51048944
0.32215912 0.69425671
0.17685213 0.61913360
0.56333571 0.71423910
0.36219173 0.80153942
0.97729629 0.31593267
0.18852213 0.03888797
0.48229481 0.10888968
0.29097331 0.10228591
0.31491966 0.16943358
0.13119793 0.31182292
0.04175554 0.95038749
0.84752318 0.11411943
0.99871675 0.56133471
0.83996626 0.83749753
0.84808861 0.14022901
0.34798696 0.17024773
0.83448572 0.52483909
0.78938134 0.39782143
0.23907819 0.15157306
0.19936085 0.21637449
0.46750573 0.38788299
0.25526246 0.94980055
0.49677267 0.54623576
0.05208646 0.81169232
0.71566935 0.18328439
0.12351525 0.75742489
0.13367188 0.97103842
0.87154432 0.13238863
0.53237314 0.71151057
0.96988616 0.38046175
0.85173958 0.31787312
0.55070948 0.68622530
0.84271222 0.34009082
0.08404673 0.08179041
0.49166388 0.28340758
0.29816490 0.95916962
0.67129057 0.55342736
0.90897016 0.16806323
0.09966312 0.96105662
0.97975555 0.81533247
0.14434101 0.10327080
0.57275736 0.27801289
0.07430922 0.44430168
0.41040152 0.60668236
0.15581225 0.38028768
0.98714411 0.00755183
0.69816080 0.53785359
0.69377714 0.54087302
0.87794442 0.77782387
0.62266343 0.36960830
0.06123145 0.92082832
0.32877792 0.73252202
0.47425568 0.23774808
0.90058525 0.57391880
0.19880470 0.88034080
0.38925127 0.34314571
0.98361160 0.96200863
0.62115860 0.05792082
0.40631030 0.03156011
0.66460318 0.56212256
0.41184779 0.65174729
0.56967439 0.11000859
0.18960089 0.26345152
0.65088160 0.06754530
0.04127539 0.27354503
0.43715360 0.10250684
0.19437335 0.76593152
0.83502885 0.66862903
0.00367960 0.73561410
0.24254783 0.20248430
0.61595491 0.63179909
0.54563001 0.59956651
0.59380772 0.16678860
0.65748733 0.00011802
0.19834871 0.32209052
0.56224058 0.61019650
0.97383781 0.13191497
0.72020509 0.16343870
0.39536649 0.37108669
0.23098400 0.43664188
0.64463172 0.66813761
0.53914872 0.83900507
0.43406912 0.37417757
0.50763410 0.43774872
0.10979168 0.75018193
0.64023302 0.72574658
0.38198102 0.18586303
0.32531309 0.97578874
0.35265163 0.98280042
0.97590676 0.55100034
0.30489094 0.53814734
0.16119685 0.27872875
0.67006231 0.88140194
0.44216745 0.06542880
0.25248863 0.67315145
0.50207068 0.89712035
0.34128906 0.04121940
0.73612542 0.77535818
0.41539697 0.24375952
0.21310691 0.52518865
0.99394144 0.85333993
0.25093523 0.37592246
0.03920295 0.57624832
0.35171120 0.39185458
0.55904875 0.32761797
0.94285493 0.86393969
0.86576531 0.10405177
0.14266844 0.53582762
0.98545371 0.58483589
0.60125642 0.23794233
0.25798735 0.10332710
0.13506268 0.59927641
0.14454649 0.87118810
0.37463459 0.55994347
0.11494761 0.58774150
0.08513212 0.10888905
0.44108143 0.33606735
0.48481152 0.48028438
0.91231568 0.83652272
0.87213896 0.47136442
0.16414068 0.81499388
0.33530411 0.02990599
0.91904566 0.47797255
0.56573361 0.90449936
0.06280845 0.16699002
0.14244169 0.32079580
0.27031712 0.27750437
0.92007221 0.41486361
0.14869247 0.29470680
0.97480708 0.26364008
0.88244830 0.05993920
0.37252913 0.32352972
0.39600655 0.85734065
0.80381410 0.30832222
0.69386336 0.67595306
0.77968665 0.85800405
0.49094695 0.11499076
0.88791004 0.40999260
0.59296331 0.45364364
0.31449196 0.65577176
0.62063366 0.45693366
0.97656756 0.89095078
0.73443803 0.89663976
0.30581439 0.88313049
0.19134656 0.28062147
0.14677057 0.07379486
0.34056067 0.51929970
0.39732459 0.73656722
0.37664035 0.20113869
0.04488945 0.07050371
0.87709175 0.82457609
0.92850776 0.36803870
0.93956685 0.81641779
0.77803130 0.53253017
0.27006143 0.09252326
0.18830193 0.89069510
0.54945692 0.16486948
0.78164588 0.28389494
0.06150925 0.08746027
0.16702544 0.25285581
0.36808175 0.31379601
0.32665067 0.70864242
0.83309571 0.72397526
0.44520964 0.20973606
0.92511395 0.49009909
0.28023977 0.80220570
0.31467518 0.20874752
0.17024439 0.25424203
0.02516531 0.94827569
0.78677220 0.29522675
0.04079895 0.97507412
0.18592184 0.59025587
0.13994361 0.96756772
0.87415082 0.20145285
0.05502799 0.04117626
0.45430866 0.42310974
0.35497227 0.78095934
0.13175216 0.18806798
0.50493459 0.57696180
0.39780404 0.43004854
0.06706088 0.67804380
0.23225423 0.38173606
0.88679132 0.40249863
0.63597809 0.91195664
0.35077432 0.42275029
0.20718338 0.39157328
0.39782441 0.39310522
0.98182915 0.53776802
0.36067294 0.85597997
0.73922088 0.41570094
0.89715622 0.19352954
0.83881068 0.25212849
0.97448888 0.97056283
0.44019646 0.47942347
0.54752463 0.83800050
0.90947201 0.61458551
0.51604430 0.14172624
0.99632157 0.40283562
0.54422487 0.63229966
0.31479226 0.89499919
0.05504995 0.52197564
0.28657247 0.45287436
0.91508086 0.26840162
0.99064239 0.27575381
0.12438158 0.72986326
0.69145474 0.02153780
0.92339280 0.53026542
0.27366629 0.89788168
0.50082826 0.71386275
0.37730515 0.04835289
0.55186325 0.28677716
0.66293839 0.06790755
0.42850340 0.65925996
0.47074317 0.97272827
0.29155963 0.78553543
0.86772747 0.34660958
0.30751106 0.15429993
0.79948394 0.22259192
0.42270155 0.79012633
0.49834573 0.54708313
0.51998959 0.18980047
0.56862093 0.44338239
0.72006589 0.84228722
0.34126407 0.22089415
0.55614997 0.71856922
0.26924704 0.10801322
0.00534637 0.93218543
0.17592076 0.43384977
0.59144540 0.64666393
0.40657805 0.88300502
0.43219936 0.27430551
0.22961460 0.73971042
0.42860544 0.02909854
0.96230234 0.85130699
0.81922487 0.46064807
0.39839013 0.33921446
0.65044855 0.96701106
0.78259685 0.37051444
0.80929828 0.12386092
0.59140859 0.36544824
0.84243013 0.86065563
0.47346146 0.84777651
0.79284106 0.64938222
0.28162628 0.38428645
0.29604615 0.68820433
0.26729147 0.72824551
0.96250984 0.49690607
0.46795593 0.39111528
0.52600461 0.43025828
0.24242228 0.34522948
0.89090635 0.64081240
0.68444393 0.54135490
0.60782346 0.46704078
0.91186934 0.41712174
0.59090170 0.50327793
0.78256998 0.43333183
0.36393355 0.25603144
0.28110834 0.15677461
0.90541366 0.56273462
0.54106106 0.20145981
0.25093894 0.80835254
0.92970533 0.21344878
0.30525861 0.39766126
0.60456407 0.83126322
0.82791953 0.84698635
0.17649270 0.71882588
0.48779875 0.86093663
0.26018078 0.09562221
0.32797741 0.17205012
0.51274395 0.91887911
0.67532805 0.29531393
0.35221094 0.03926160
0.55134536 0.63331927
0.19603621 0.45675902
0.19605389 0.73709727
0.65821884 0.44699284
0.54544981 0.58792416
0.66044162 0.85070842
0.98558542 0.26500569
0.68197163 0.81350495
0.11199203 0.85846433
0.53233084 0.59979078
0.71940096 0.79251162
0.69541299 0.04737837
0.96456174 0.20815694
0.96625748 0.63988978
0.50347086 0.31846841
0.67915138 0.05481623
0.95178769 0.87518759
0.51157525 0.14784158
0.61228486 0.16979409
0.59483442 0.15773467
0.75771825 0.25527604
0.00844309 0.74330367
0.52028172 0.69041472
0.55680862 0.63227375
0.54887905 0.08913946
0.23206454 0.26828000
0.88165108 0.92747753
0.31565837 0.84621281
0.13563447 0.28191585
0.48610259 0.63910533
0.60038426 0.16525397
0.69392156 0.55217195
0.04044157 0.20549681
0.70001353 0.65272643
0.37529089 0.29484795
0.81046110 0.13300914
0.55012398 0.81890419
0.87631282 0.07040571
0.50931891 0.43312144
0.70267946 0.05819796
0.52226090 0.93474400
0.32647796 0.40391198
0.86222152 0.64213634
0.25012479 0.99785599
0.92405219 0.73622739
0.63696132 0.52443645
0.90148136 0.33088287
0.07660840 0.94192293
0.53637968 0.77662193
0.59464936 0.91167057
0.07146988 0.40511046
0.04467972 0.62159387
0.22401465 0.92099253
0.69199957 0.73333356
0.35411397 0.39467903
0.79153152 0.87637487
0.32942303 0.11800949
0.28028685 0.19164455
0.76014582 0.53041164
0.18950054 0.68419801
0.26663903 0.82646186
0.20863445 0.16812039
0.15734474 0.28524286
0.11004332 0.69372442
0.06186479 0.70469268
0.60539499 0.13333467
0.10980314 0.65007471
0.75492854 0.33381779
0.57106725 0.44692811
0.06715135 0.92518122
0.84160714 0.85868288
0.80155609 0.17103017
0.97669236 0.08184294
